&dislocationdata
id =     -0.50000
jd =     -0.50000
u(1) =       0.00000
u(2) =      -1.00000
u(3) =      -1.00000
bv(1) =       0.50000
bv(2) =       0.00000
bv(3) =      -0.50000
poisson = 0.31
/
