&SFdata
SFi =  0.390625
SFj =  0.390625
SFsep = 141.42
SFplane =  1, 1,-1
SFlpu = -1.0, 0.0,-1.0
SFtpb =  -0.166666, -0.166666, -0.333333
SFtpu =  0.0,-1.0,-1.0
SFlpb =  0.166666, -0.333333, -0.166666
/
