&SFdata
SFi =  0.25
SFj =  0.
SFsep = 120.
SFplane =  1, 1,-1
SFlpu = -1.0, 0.0,-1.0
SFlpb =  0.166666, -0.333333, -0.166666
SFtpu =  0.0,-1.0,-1.0
SFtpb =  -0.166666, -0.166666, -0.33333
poisson = 0.31
/
