&SFdata
SFi =  0.0
SFj =  0.25
SFsep = 120.
SFplane = -1, 1,-1
SFlpu =  0.0,-1.0,-1.0
SFtpb =  -0.166666,  0.166666, 0.333333
SFtpu =  1.0, 0.0,-1.0
SFlpb =  -0.333333, -0.166666,  0.166666
poisson = 0.31
/
