&SFdata
SFi = 0.01
SFj = 0.01
SFsep = 500.0
SFplane = -1, 1, 1 
SFlpu =  1.0, 1.0, 0.0
SFlpb = 0.333333, -0.333333,  -0.333333
SFtpu =  1.0, 1.0, 0.0
SFtpb = -0.333333, 0.333333, 0.333333
/
